36610.953125
36610.6875
36610.1953125
36609.51171875
36608.65234375
36607.64453125
36606.5
36605.23828125
36603.875
36602.41796875
36600.88671875
36599.28515625
36597.62109375
36595.91015625
36594.12109375
36592.33203125
36590.51171875
36588.65625
36586.7734375
36584.86328125
36582.9296875
36580.96875
36578.99609375
36577.0078125
36575.0078125
36573.0
36570.984375
36568.96484375
36566.94140625
36564.9140625
36562.890625
36560.8671875
36558.83984375
36556.8125
36554.7890625
36552.76171875
36550.73828125
36548.7109375
36546.6875
36544.66796875
36542.6484375
36540.6328125
36538.62109375
36536.6171875
36534.65234375
36532.65625
36530.6640625
36528.67578125
36526.69140625
36524.71484375
36522.7421875
36520.7734375
36518.80859375
36516.8515625
36514.8984375
36512.9453125
36511.00390625
36509.0625
36507.12890625
36505.19921875
36503.27734375
36501.359375
36499.453125
36497.55078125
36495.6640625
36493.78125
36491.91015625
36490.0546875
36488.203125
36486.36328125
36484.53125
36482.70703125
36480.890625
36479.0859375
36477.2890625
36475.53515625
36473.75390625
36471.98828125
36470.2265625
36468.4765625
36466.734375
36465.0
36463.2734375
36461.55859375
36459.84375
36458.140625
36456.44140625
36454.75
36453.0625
36451.37890625
36449.703125
36448.03125
36446.36328125
36444.69921875
36443.03515625
36441.37890625
36439.72265625
36438.0703125
36436.41796875
36434.76953125
36433.12109375
36431.4765625
36429.828125
36428.1875
36426.54296875
36424.8984375
36423.2578125
36421.61328125
36419.96875
36418.328125
36416.68359375
36415.0390625
36413.44140625
36411.9453125
36410.55078125
36409.23046875
36407.9609375
36406.71875
36405.5078125
36404.3125
36403.13671875
36401.97265625
36400.8359375
36399.68359375
36398.53125
36397.3828125
36396.23828125
36395.08984375
36393.94921875
36392.8046875
36391.6640625
36390.52734375
36389.38671875
36388.25
36387.109375
36385.97265625
36384.8359375
36383.6953125
36382.55859375
36381.41796875
36380.28125
36379.140625
36378.00390625
36376.86328125
36375.72265625
36374.5859375
36373.44921875
36372.30859375
36371.16796875
36370.03125
36368.890625
36367.77734375
36366.63671875
36365.49609375
36364.359375
36363.21875
36362.08203125
36360.94140625
36359.8046875
36358.6640625
36357.5234375
36356.38671875
36355.26953125
36354.12890625
36352.9921875
36351.8515625
36350.71484375
36349.59765625
36348.45703125
36347.3203125
36346.203125
36345.0625
36343.92578125
36342.78515625
36341.6484375
36340.5078125
36339.3671875
36338.23046875
36337.08984375
36335.953125
36334.8125
36333.671875
36332.53515625
36331.39453125
36330.2578125
36329.1171875
36327.98046875
36326.83984375
36325.69921875
36324.5625
36323.421875
36322.28125
36321.14453125
36320.00390625
36318.86328125
36317.72265625
36316.58203125
36315.44140625
36314.3046875
36313.1640625
36312.0234375
36310.8828125
36309.7421875
36308.60546875
36307.46484375
36306.34375
36305.20703125
36304.06640625
36302.92578125
36301.78515625
36300.64453125
36299.5078125
36298.3671875
36297.2265625
36296.0859375
36294.9453125
36293.83203125
36292.69140625
36291.55078125
36290.43359375
36289.29296875
36288.15234375
36287.01171875
36285.8984375
36284.7578125
36283.6171875
36282.5
36281.359375
36280.21875
36279.078125
36277.94140625
36276.80078125
36275.68359375
36274.54296875
36273.40234375
36272.26171875
36271.1015625
36269.984375
36268.84375
36267.703125
36266.56640625
36265.42578125
36264.3046875
36263.16796875
36262.02734375
36260.88671875
36259.75
36258.609375
36257.46875
36256.328125
36255.1875
36254.05078125
36252.93359375
36251.79296875
36250.65234375
36249.51171875
36248.375
36247.234375
36246.1171875
36244.9765625
36243.8359375
36242.6953125
36241.55859375
36240.41796875
36239.27734375
36238.140625
36236.99609375
36235.859375
36234.71875
36233.578125
36232.44140625
36231.30078125
36230.16015625
36229.01953125
36227.8828125
36226.73828125
36225.6015625
36224.4609375
36223.34375
36222.203125
36221.06640625
36219.92578125
36218.78515625
36217.64453125
36216.50390625
36215.3671875
36214.2265625
36213.109375
36211.9921875
36210.8515625
36209.71484375
36208.57421875
36207.43359375
36206.29296875
36205.15234375
36204.015625
36202.875
36201.734375
36200.59765625
36199.4765625
