37016.953125
37016.6796875
37016.1953125
37015.51171875
37014.65234375
37013.64453125
37012.5
37011.23828125
37009.875
37008.41796875
37006.88671875
37005.28125
37003.62109375
37001.91015625
37000.15625
36998.36328125
36996.54296875
36994.6953125
36992.8203125
36990.91796875
36988.98828125
36987.04296875
36985.078125
36983.09375
36981.1015625
36979.1015625
36977.08984375
36975.07421875
36973.05859375
36971.0390625
36969.015625
36966.99609375
36964.97265625
36962.953125
36960.9375
36958.91796875
36956.90234375
36954.88671875
36952.87109375
36950.859375
36948.8515625
36946.8828125
36944.87890625
36942.87890625
36940.88671875
36938.89453125
36936.91015625
36934.92578125
36932.94921875
36930.98046875
36929.01171875
36927.08984375
36925.1328125
36923.1796875
36921.23046875
36919.2890625
36917.3515625
36915.41796875
36913.48828125
36911.56640625
36909.6484375
36907.73828125
36905.8359375
36903.94140625
36902.05859375
36900.1875
36898.32421875
36896.47265625
36894.6328125
36892.83203125
36891.0078125
36889.19140625
36887.3828125
36885.58203125
36883.7890625
36882.00390625
36880.23046875
36878.46484375
36876.7109375
36875.0
36873.26171875
36871.53125
36869.80859375
36868.09375
36866.38671875
36864.68359375
36862.98828125
36861.30078125
36859.61328125
36857.93359375
36856.26171875
36854.625
36852.95703125
36851.296875
36849.63671875
36847.98046875
36846.32421875
36844.67578125
36843.0234375
36841.375
36839.73046875
36838.0859375
36836.47265625
36834.828125
36833.21875
36831.57421875
36829.93359375
36828.2890625
36826.6796875
36825.0390625
36823.3984375
36821.81640625
36820.34765625
36818.98046875
36817.67578125
36816.41015625
36815.17578125
36813.96875
36812.78515625
36811.625
36810.484375
36809.359375
36808.24609375
36807.13671875
36806.02734375
36804.91796875
36803.80859375
36802.69140625
36801.578125
36800.4609375
36799.34765625
36798.23046875
36797.1171875
36796.0078125
36794.8984375
36793.7890625
36792.68359375
36791.578125
36790.46875
36789.36328125
36788.2734375
36787.16796875
36786.0546875
36784.9453125
36783.8359375
36782.7265625
36781.63671875
36780.52734375
36779.4375
36778.328125
36777.22265625
36776.109375
36775.0
36773.890625
36772.78125
36771.671875
36770.5625
36769.453125
36768.34375
36767.234375
36766.125
36765.015625
36763.90625
36762.796875
36761.68359375
36760.57421875
36759.46484375
36758.35546875
36757.24609375
36756.13671875
36755.02734375
36753.91796875
36752.80859375
36751.69921875
36750.58984375
36749.5
36748.390625
36747.28125
36746.21484375
36745.10546875
36743.99609375
36742.8828125
36741.77734375
36740.6640625
36739.578125
36738.46875
36737.359375
36736.25
36735.13671875
36734.02734375
36732.91796875
36731.80859375
36730.69921875
36729.58984375
36728.4765625
36727.38671875
36726.27734375
36725.16796875
36724.0546875
36722.9453125
36721.83203125
36720.72265625
36719.609375
36718.50390625
36717.390625
36716.28125
36715.171875
36714.05859375
36712.94921875
36711.83984375
36710.7265625
36709.6171875
36708.5078125
36707.39453125
36706.28515625
36705.1953125
36704.10546875
36702.99609375
36701.88671875
36700.7734375
36699.6640625
36698.5546875
36697.44140625
36696.33203125
36695.22265625
36694.109375
36693.0
36691.890625
36690.77734375
36689.66796875
36688.55859375
36687.44921875
36686.359375
36685.24609375
36684.13671875
36683.02734375
36681.9375
36680.828125
36679.71484375
36678.60546875
36677.49609375
36676.40625
36675.296875
36674.18359375
36673.07421875
36671.96484375
36670.8515625
36669.7421875
36668.65234375
36667.51953125
36666.4296875
36665.3203125
36664.2109375
36663.1015625
36661.98828125
36660.87890625
36659.76953125
36658.65625
36657.546875
36656.4375
36655.32421875
36654.23828125
36653.1484375
36652.03515625
36650.92578125
36649.81640625
36648.70703125
36647.59375
36646.484375
36645.37109375
36644.26171875
36643.15234375
36642.04296875
36640.9296875
36639.8203125
36638.70703125
36637.59765625
36636.48828125
36635.37890625
36634.265625
36633.15625
36632.046875
36630.95703125
36629.84765625
36628.734375
36627.6484375
36626.53515625
36625.42578125
36624.31640625
36623.203125
36622.09375
36620.984375
36619.87109375
36618.76171875
36617.671875
36616.5625
36615.453125
36614.36328125
36613.25390625
36612.14453125
